0,00371310	0,00608306	0,03407439	0,21440184	0,00277527	0,01972837	0,00324050	0,09077965	0,20527290	0,01719699	0,00629479	0,01338195	0,11952854	0,01020038	0,00738937	0,01682008	0,20818627	0,06362964	0,01791821	0,02793113	0,04307851	0,00949596	0,01131045	0,00759659	0,10030935	0,11233036	0,05207009	0,00765128	0,03735404	0,01692385	
0,02455375	0,01310592	0,07565041	0,00525708	0,16026887	0,01713681	0,06515597	0,00161979	0,32039891	0,00694883	0,09863099	0,01039496	0,01634065	0,01459449	0,00196187	0,04549004	0,13111706	0,02711661	0,01552071	0,02019176	0,00265356	0,02129745	0,00938016	0,04946046	0,09739139	0,00796516	0,00967949	0,01917651	0,05407029	0,03036934	
0,02455375	0,01310592	0,07565041	0,00525708	0,16026887	0,01713681	0,06515597	0,00161979	0,32039891	0,00694883	0,09863099	0,01039496	0,01634065	0,01459449	0,00196187	0,04549004	0,13111706	0,02711661	0,01552071	0,02019176	0,00265356	0,02129745	0,00938016	0,04946046	0,09739139	0,00796516	0,00967949	0,01917651	0,05407029	0,03036934	
0,02455375	0,01310592	0,07565041	0,00525708	0,16026887	0,01713681	0,06515597	0,00161979	0,32039891	0,00694883	0,09863099	0,01039496	0,01634065	0,01459449	0,00196187	0,04549004	0,13111706	0,02711661	0,01552071	0,02019176	0,00265356	0,02129745	0,00938016	0,04946046	0,09739139	0,00796516	0,00967949	0,01917651	0,05407029	0,03036934	
0,00359744	0,00359744	0,00714274	0,15125150	0,05215703	0,04261743	0,01039496	0,01569512	0,06788726	0,01143418	0,01013316	0,00428554	0,03650996	0,00715653	0,10109802	0,01728319	0,00193686	0,33010318	0,00634221	0,14688247	0,01772472	0,05011130	0,02438463	0,00625125	0,03257474	0,01145134	0,01518478	0,00571194	0,08469729	0,03036934	
0,00359744	0,00359744	0,00714274	0,15125150	0,05215703	0,04261743	0,01039496	0,01569512	0,06788726	0,01143418	0,01013316	0,00428554	0,03650996	0,00715653	0,10109802	0,01728319	0,00193686	0,33010318	0,00634221	0,14688247	0,01772472	0,05011130	0,02438463	0,00625125	0,03257474	0,01145134	0,01518478	0,00571194	0,08469729	0,03036934	
0,00359744	0,00359744	0,00714274	0,15125150	0,05215703	0,04261743	0,01039496	0,01569512	0,06788726	0,01143418	0,01013316	0,00428554	0,03650996	0,00715653	0,10109802	0,01728319	0,00193686	0,33010318	0,00634221	0,14688247	0,01772472	0,05011130	0,02438463	0,00625125	0,03257474	0,01145134	0,01518478	0,00571194	0,08469729	0,03036934	
0,00359744	0,00359744	0,00714274	0,15125150	0,05215703	0,04261743	0,01039496	0,01569512	0,06788726	0,01143418	0,01013316	0,00428554	0,03650996	0,00715653	0,10109802	0,01728319	0,00193686	0,33010318	0,00634221	0,14688247	0,01772472	0,05011130	0,02438463	0,00625125	0,03257474	0,01145134	0,01518478	0,00571194	0,08469729	0,03036934	
0,00488913	0,01437722	0,01917590	0,00712947	0,03364066	0,00179730	0,71099611	0,03693668	0,01108257	0,02059338	0,01080407	0,01247858	0,00548896	0,11352931	0,00979244	0,02881495	0,02059338	0,00348503	0,02180415	0,00834010	0,02261100	0,00711331	0,00241604	0,03812394	0,01314611	0,00530213	0,03812394	0,01314611	0,00530213	0,03576729	
0,00488913	0,01437722	0,01917590	0,00712947	0,03364066	0,00179730	0,71099611	0,03693668	0,01108257	0,02059338	0,01080407	0,01247858	0,00548896	0,11352931	0,00979244	0,02881495	0,02059338	0,00348503	0,02180415	0,00834010	0,02261100	0,00711331	0,00241604	0,03812394	0,01314611	0,00530213	0,03812394	0,01314611	0,00530213	0,03576729	
0,20088137	0,00822337	0,05495164	0,00825203	0,00228453	0,01047758	0,00938016	0,06816843	0,04626895	0,00232036	0,00897176	0,00481236	0,01190609	0,21402788	0,00848035	0,06283430	0,11771136	0,02363665	0,01741784	0,00224268	0,07093036	0,00949584	0,04524714	0,00635185	0,00839684	0,00213400	0,01916317	0,12532339	0,03538627	0,04061989	
0,01207136	0,01274648	0,02753875	0,01513893	0,03861455	0,00848360	0,01596217	0,00690074	0,04500282	0,16425430	0,00469626	0,04358453	0,00413067	0,10539183	0,01181297	0,00897274	0,01709610	0,03533091	0,03821827	0,03848230	0,11830852	0,00784017	0,02315793	0,31043540	0,01771612	0,00222963	0,24455568	0,08940175	0,03211261	0,01816598	
0,07158605	0,01070192	0,10539183	0,01146712	0,02563567	0,03550157	0,04997689	0,00351659	0,00935765	0,00661276	0,01993457	0,08789705	0,06317538	0,00087533	0,01532765	0,09755672	0,03162799	0,02221910	0,09748822	0,00000000	0,03573466	0,00567565	0,00653737	0,00000000	0,03020440	0,11958972	0,04261743	0,00969418	0,03439254	0,05032337	
0,07158605	0,01070192	0,10539183	0,01146712	0,02563567	0,03550157	0,04997689	0,00351659	0,00935765	0,00661276	0,01993457	0,08789705	0,06317538	0,00087533	0,01532765	0,09755672	0,03162799	0,02221910	0,09748822	0,00000000	0,03573466	0,00567565	0,00653737	0,00000000	0,03020440	0,11958972	0,04261743	0,00969418	0,03439254	0,05032337	
0,01207136	0,01274648	0,02753875	0,01513893	0,03861455	0,00848360	0,01596217	0,00690074	0,04500282	0,16425430	0,00469626	0,04358453	0,00413067	0,10539183	0,01181297	0,00897274	0,01709610	0,03533091	0,03821827	0,03848230	0,11830852	0,00784017	0,02315793	0,31043540	0,01771612	0,00222963	0,24455568	0,08940175	0,03211261	0,01816598	
0,07158605	0,01070192	0,10539183	0,01146712	0,02563567	0,03550157	0,04997689	0,00351659	0,00935765	0,00661276	0,01993457	0,08789705	0,06317538	0,00087533	0,01532765	0,09755672	0,03162799	0,02221910	0,09748822	0,00000000	0,03573466	0,00567565	0,00653737	0,00000000	0,03020440	0,11958972	0,04261743	0,00969418	0,03439254	0,05032337	
0,01207136	0,01274648	0,02753875	0,01513893	0,03861455	0,00848360	0,01596217	0,00690074	0,04500282	0,16425430	0,00469626	0,04358453	0,00413067	0,10539183	0,01181297	0,00897274	0,01709610	0,03533091	0,03821827	0,03848230	0,11830852	0,00784017	0,02315793	0,31043540	0,01771612	0,00222963	0,24455568	0,08940175	0,03211261	0,01816598	
0,07158605	0,01070192	0,10539183	0,01146712	0,02563567	0,03550157	0,04997689	0,00351659	0,00935765	0,00661276	0,01993457	0,08789705	0,06317538	0,00087533	0,01532765	0,09755672	0,03162799	0,02221910	0,09748822	0,00000000	0,03573466	0,00567565	0,00653737	0,00000000	0,03020440	0,11958972	0,04261743	0,00969418	0,03439254	0,05032337	
0,03472123	0,00987864	0,04928242	0,05272085	0,05445346	0,02350765	0,10663637	0,01862388	0,09327177	0,03591674	0,02595152	0,03187891	0,03347599	0,04685407	0,03013788	0,04222402	0,05255462	0,09393711	0,03641572	0,04502256	0,04088637	0,01909884	0,01570511	0,06638272	0,04063542	0,03776763	0,06341086	0,03036812	0,04545848	0,03319195	
