0,93200000	0,97300000	0,90400000	0,93200000	0,93200000	0,91200000	1,44400000	0,95200000	0,91200000	1,13000000	0,97300000	0,91300000	1,00700000	1,16000000	0,90400000	0,97900000	0,95200000	0,93200000	0,93200000	0,97900000	0,95400000	1,16000000	0,90000000	0,95200000	0,97300000	0,90400000	0,93200000	0,97300000	0,90000000	0,92200000	
0,97300000	0,90000000	0,95200000	0,97300000	0,90400000	0,97300000	0,90400000	0,97300000	0,91300000	1,16000000	0,90400000	0,97300000	0,90000000	0,95400000	1,16000000	0,91900000	0,90400000	0,93200000	0,97300000	0,91900000	0,91900000	0,90000000	0,97000000	0,90400000	0,91200000	1,16000000	0,91900000	0,90000000	0,95400000	1,00700000	
0,97300000	0,90000000	0,95200000	0,97300000	0,90400000	0,97300000	0,90400000	0,97300000	0,91300000	1,16000000	0,90400000	0,97300000	0,90000000	0,95400000	1,16000000	0,91900000	0,90400000	0,93200000	0,97300000	0,91900000	0,91900000	0,90000000	0,97000000	0,90400000	0,91200000	1,16000000	0,91900000	0,90000000	0,95400000	1,00700000	
0,97300000	0,90000000	0,95200000	0,97300000	0,90400000	0,97300000	0,90400000	0,97300000	0,91300000	1,16000000	0,90400000	0,97300000	0,90000000	0,95400000	1,16000000	0,91900000	0,90400000	0,93200000	0,97300000	0,91900000	0,91900000	0,90000000	0,97000000	0,90400000	0,91200000	1,16000000	0,91900000	0,90000000	0,95400000	1,00700000	
0,93200000	0,93200000	0,93200000	0,93200000	0,93200000	0,93200000	0,97300000	0,90000000	0,95400000	1,16000000	0,91900000	0,90000000	0,92200000	0,97000000	0,90400000	0,97300000	0,91900000	0,91300000	1,16000000	0,90400000	0,97900000	0,95200000	0,97300000	0,91900000	0,90000000	0,97000000	0,91900000	0,91900000	0,91300000	1,00700000	
0,93200000	0,93200000	0,93200000	0,93200000	0,93200000	0,93200000	0,97300000	0,90000000	0,95400000	1,16000000	0,91900000	0,90000000	0,92200000	0,97000000	0,90400000	0,97300000	0,91900000	0,91300000	1,16000000	0,90400000	0,97900000	0,95200000	0,97300000	0,91900000	0,90000000	0,97000000	0,91900000	0,91900000	0,91300000	1,00700000	
0,93200000	0,93200000	0,93200000	0,93200000	0,93200000	0,93200000	0,97300000	0,90000000	0,95400000	1,16000000	0,91900000	0,90000000	0,92200000	0,97000000	0,90400000	0,97300000	0,91900000	0,91300000	1,16000000	0,90400000	0,97900000	0,95200000	0,97300000	0,91900000	0,90000000	0,97000000	0,91900000	0,91900000	0,91300000	1,00700000	
0,93200000	0,93200000	0,93200000	0,93200000	0,93200000	0,93200000	0,97300000	0,90000000	0,95400000	1,16000000	0,91900000	0,90000000	0,92200000	0,97000000	0,90400000	0,97300000	0,91900000	0,91300000	1,16000000	0,90400000	0,97900000	0,95200000	0,97300000	0,91900000	0,90000000	0,97000000	0,91900000	0,91900000	0,91300000	1,00700000	
1,16000000	0,91900000	0,91900000	0,91900000	0,91300000	1,16000000	0,91300000	1,13000000	0,93200000	0,97900000	0,97000000	0,91900000	0,90000000	0,95400000	1,16000000	0,90400000	0,97900000	0,97000000	0,91900000	0,90000000	0,95400000	1,44400000	0,97000000	0,90000000	0,97000000	0,91900000	0,90000000	0,97000000	0,91900000	0,90000000	
1,16000000	0,91900000	0,91900000	0,91900000	0,91300000	1,16000000	0,91300000	1,13000000	0,93200000	0,97900000	0,97000000	0,91900000	0,90000000	0,95400000	1,16000000	0,90400000	0,97900000	0,97000000	0,91900000	0,90000000	0,95400000	1,44400000	0,97000000	0,90000000	0,97000000	0,91900000	0,90000000	0,97000000	0,91900000	0,90000000	
0,91200000	1,16000000	0,90400000	0,97900000	0,92200000	0,92200000	0,97000000	0,90400000	0,91200000	1,16000000	0,91900000	0,91900000	0,90400000	0,91200000	1,13000000	0,93200000	0,91200000	1,13000000	0,97300000	0,91900000	0,90000000	0,97000000	0,90400000	0,97900000	0,95400000	1,16000000	0,90400000	0,93200000	0,93200000	0,93200000	
0,92200000	0,97000000	0,90000000	0,95200000	0,97300000	0,91900000	0,90400000	0,97300000	0,91900000	0,90400000	0,93200000	0,97900000	0,97000000	0,90400000	0,97300000	0,91900000	0,90000000	0,95200000	0,91200000	1,13000000	0,91200000	1,13000000	0,97300000	0,91300000	1,13000000	0,97300000	0,91300000	1,00700000	1,13000000	0,97300000	
0,93200000	0,97300000	0,90400000	0,97300000	0,91900000	0,90000000	0,95200000	0,97300000	0,90000000	0,97000000	0,91900000	0,90400000	0,91200000	1,16000000	0,91300000	1,00700000	1,13000000	0,93200000	0,91200000	1,16000000	0,91900000	0,91900000	0,91300000	1,44400000	0,97000000	0,90400000	0,93200000	0,97300000	0,90000000	0,95400000	
0,93200000	0,97300000	0,90400000	0,97300000	0,91900000	0,90000000	0,95200000	0,97300000	0,90000000	0,97000000	0,91900000	0,90400000	0,91200000	1,16000000	0,91300000	1,00700000	1,13000000	0,93200000	0,91200000	1,16000000	0,91900000	0,91900000	0,91300000	1,44400000	0,97000000	0,90400000	0,93200000	0,97300000	0,90000000	0,95400000	
0,92200000	0,97000000	0,90000000	0,95200000	0,97300000	0,91900000	0,90400000	0,97300000	0,91900000	0,90400000	0,93200000	0,97900000	0,97000000	0,90400000	0,97300000	0,91900000	0,90000000	0,95200000	0,91200000	1,13000000	0,91200000	1,13000000	0,97300000	0,91300000	1,13000000	0,97300000	0,91300000	1,00700000	1,13000000	0,97300000	
0,93200000	0,97300000	0,90400000	0,97300000	0,91900000	0,90000000	0,95200000	0,97300000	0,90000000	0,97000000	0,91900000	0,90400000	0,91200000	1,16000000	0,91300000	1,00700000	1,13000000	0,93200000	0,91200000	1,16000000	0,91900000	0,91900000	0,91300000	1,44400000	0,97000000	0,90400000	0,93200000	0,97300000	0,90000000	0,95400000	
0,92200000	0,97000000	0,90000000	0,95200000	0,97300000	0,91900000	0,90400000	0,97300000	0,91900000	0,90400000	0,93200000	0,97900000	0,97000000	0,90400000	0,97300000	0,91900000	0,90000000	0,95200000	0,91200000	1,13000000	0,91200000	1,13000000	0,97300000	0,91300000	1,13000000	0,97300000	0,91300000	1,00700000	1,13000000	0,97300000	
0,93200000	0,97300000	0,90400000	0,97300000	0,91900000	0,90000000	0,95200000	0,97300000	0,90000000	0,97000000	0,91900000	0,90400000	0,91200000	1,16000000	0,91300000	1,00700000	1,13000000	0,93200000	0,91200000	1,16000000	0,91900000	0,91900000	0,91300000	1,44400000	0,97000000	0,90400000	0,93200000	0,97300000	0,90000000	0,95400000	
0,96138889	0,95561111	0,91922222	0,95244444	0,92861111	0,95322222	0,96466667	0,96922222	0,92222222	1,05333333	0,92733333	0,93011111	0,92538889	1,00411111	1,00116667	0,95294444	0,96833333	0,94633333	0,98255556	1,00561111	0,93594444	1,03288889	0,95094444	1,03522222	0,97072222	0,98872222	0,91866667	0,95188889	0,95411111	0,96877778	
